10  4  1812802  1862802  1912802  1962802
14  4  1812802  1862802  1912802  1962802
17  4  1812802  1862802  1912802  1962802
20  4  1812802  1862802  1912802  1962802
22  4  1812802  1862802  1912802  1962802
25  4  1812802  1862802  1912802  1962802
28  4  1812802  1862802  1912802  1962802
31  4  1812802  1862802  1912802  1962802
33  4  1812802  1862802  1912802  1962802
36  4  1812802  1862802  1912802  1962802
40  4  1812802  1862802  1912802  1962802
42  4  1812802  1862802  1912802  1962802
45  4  1812802  1862802  1912802  1962802
49  4  1812802  1862802  1912802  1962802
51  4  1812802  1862802  1912802  1962802
54  4  1812802  1862802  1912802  1962802
56  4  1812802  1862802  1912802  1962802
59  4  1812802  1862802  1912802  1962802
61  4  1812802  1862802  1912802  1962802
63  4  1812802  1862802  1912802  1962802
65  4  1812802  1862802  1912802  1962802
69  4  1812802  1862802  1912802  1962802
71  4  1812802  1862802  1912802  1962802
73  4  1812802  1862802  1912802  1962802
75  4  1812802  1862802  1912802  1962802
77  4  1812802  1862802  1912802  1962802
81  4  1812802  1862802  1912802  1962802
83  4  1812802  1862802  1912802  1962802
87  4  1812802  1862802  1912802  1962802
91  4  1812802  1862802  1912802  1962802
94  4  1812802  1862802  1912802  1962802
96  4  1812802  1862802  1912802  1962802
98  4  1812802  1862802  1912802  1962802
102  4  1812802  1862802  1912802  1962802
105  4  1812802  1862802  1912802  1962802
108  4  1812802  1862802  1912802  1962802
112  4  1812802  1862802  1912802  1962802
116  4  1812802  1862802  1912802  1962802
120  4  1812802  1862802  1912802  1962802
123  4  1812802  1862802  1912802  1962802
125  4  1812802  1862802  1912802  1962802
128  4  1812802  1862802  1912802  1962802
132  4  1812802  1862802  1912802  1962802
136  4  1812802  1862802  1912802  1962802
139  4  1812802  1862802  1912802  1962802
143  4  1812802  1862802  1912802  1962802
146  4  1812802  1862802  1912802  1962802
150  4  1812802  1862802  1912802  1962802
152  4  1812802  1862802  1912802  1962802
156  4  1812802  1862802  1912802  1962802
