11  4  1812802  1862802  1912802  1962802
13  4  1812802  1862802  1912802  1962802
15  4  1812802  1862802  1912802  1962802
17  4  1812802  1862802  1912802  1962802
21  4  1812802  1862802  1912802  1962802
24  4  1812802  1862802  1912802  1962802
27  4  1812802  1862802  1912802  1962802
31  4  1812802  1862802  1912802  1962802
34  4  1812802  1862802  1912802  1962802
37  4  1812802  1862802  1912802  1962802
40  4  1812802  1862802  1912802  1962802
42  4  1812802  1862802  1912802  1962802
44  4  1812802  1862802  1912802  1962802
46  4  1812802  1862802  1912802  1962802
49  4  1812802  1862802  1912802  1962802
51  4  1812802  1862802  1912802  1962802
55  4  1812802  1862802  1912802  1962802
57  4  1812802  1862802  1912802  1962802
61  4  1812802  1862802  1912802  1962802
64  4  1812802  1862802  1912802  1962802
68  4  1812802  1862802  1912802  1962802
72  4  1812802  1862802  1912802  1962802
76  4  1812802  1862802  1912802  1962802
79  4  1812802  1862802  1912802  1962802
83  4  1812802  1862802  1912802  1962802
87  4  1812802  1862802  1912802  1962802
90  4  1812802  1862802  1912802  1962802
93  4  1812802  1862802  1912802  1962802
96  4  1812802  1862802  1912802  1962802
100  4  1812802  1862802  1912802  1962802
102  4  1812802  1862802  1912802  1962802
104  4  1812802  1862802  1912802  1962802
107  4  1812802  1862802  1912802  1962802
111  4  1812802  1862802  1912802  1962802
113  4  1812802  1862802  1912802  1962802
115  4  1812802  1862802  1912802  1962802
119  4  1812802  1862802  1912802  1962802
123  4  1812802  1862802  1912802  1962802
125  4  1812802  1862802  1912802  1962802
128  4  1812802  1862802  1912802  1962802
132  4  1812802  1862802  1912802  1962802
134  4  1812802  1862802  1912802  1962802
136  4  1812802  1862802  1912802  1962802
139  4  1812802  1862802  1912802  1962802
143  4  1812802  1862802  1912802  1962802
146  4  1812802  1862802  1912802  1962802
149  4  1812802  1862802  1912802  1962802
151  4  1812802  1862802  1912802  1962802
154  4  1812802  1862802  1912802  1962802
156  4  1812802  1862802  1912802  1962802
