9  4  1812802  1862802  1912802  1962802
13  4  1812802  1862802  1912802  1962802
16  4  1812802  1862802  1912802  1962802
18  4  1812802  1862802  1912802  1962802
20  4  1812802  1862802  1912802  1962802
22  4  1812802  1862802  1912802  1962802
25  4  1812802  1862802  1912802  1962802
28  4  1812802  1862802  1912802  1962802
31  4  1812802  1862802  1912802  1962802
34  4  1812802  1862802  1912802  1962802
37  4  1812802  1862802  1912802  1962802
40  4  1812802  1862802  1912802  1962802
43  4  1812802  1862802  1912802  1962802
47  4  1812802  1862802  1912802  1962802
51  4  1812802  1862802  1912802  1962802
53  4  1812802  1862802  1912802  1962802
56  4  1812802  1862802  1912802  1962802
58  4  1812802  1862802  1912802  1962802
61  4  1812802  1862802  1912802  1962802
63  4  1812802  1862802  1912802  1962802
67  4  1812802  1862802  1912802  1962802
71  4  1812802  1862802  1912802  1962802
75  4  1812802  1862802  1912802  1962802
77  4  1812802  1862802  1912802  1962802
79  4  1812802  1862802  1912802  1962802
81  4  1812802  1862802  1912802  1962802
83  4  1812802  1862802  1912802  1962802
85  4  1812802  1862802  1912802  1962802
87  4  1812802  1862802  1912802  1962802
90  4  1812802  1862802  1912802  1962802
93  4  1812802  1862802  1912802  1962802
97  4  1812802  1862802  1912802  1962802
101  4  1812802  1862802  1912802  1962802
104  4  1812802  1862802  1912802  1962802
107  4  1812802  1862802  1912802  1962802
109  4  1812802  1862802  1912802  1962802
111  4  1812802  1862802  1912802  1962802
114  4  1812802  1862802  1912802  1962802
118  4  1812802  1862802  1912802  1962802
120  4  1812802  1862802  1912802  1962802
123  4  1812802  1862802  1912802  1962802
127  4  1812802  1862802  1912802  1962802
131  4  1812802  1862802  1912802  1962802
133  4  1812802  1862802  1912802  1962802
137  4  1812802  1862802  1912802  1962802
141  4  1812802  1862802  1912802  1962802
145  4  1812802  1862802  1912802  1962802
149  4  1812802  1862802  1912802  1962802
153  4  1812802  1862802  1912802  1962802
156  4  1812802  1862802  1912802  1962802
