10  4  1812802  1862802  1912802  1962802
13  4  1812802  1862802  1912802  1962802
17  4  1812802  1862802  1912802  1962802
20  4  1812802  1862802  1912802  1962802
22  4  1812802  1862802  1912802  1962802
25  4  1812802  1862802  1912802  1962802
27  4  1812802  1862802  1912802  1962802
30  4  1812802  1862802  1912802  1962802
33  4  1812802  1862802  1912802  1962802
36  4  1812802  1862802  1912802  1962802
40  4  1812802  1862802  1912802  1962802
44  4  1812802  1862802  1912802  1962802
48  4  1812802  1862802  1912802  1962802
52  4  1812802  1862802  1912802  1962802
55  4  1812802  1862802  1912802  1962802
57  4  1812802  1862802  1912802  1962802
59  4  1812802  1862802  1912802  1962802
61  4  1812802  1862802  1912802  1962802
64  4  1812802  1862802  1912802  1962802
68  4  1812802  1862802  1912802  1962802
70  4  1812802  1862802  1912802  1962802
74  4  1812802  1862802  1912802  1962802
76  4  1812802  1862802  1912802  1962802
78  4  1812802  1862802  1912802  1962802
81  4  1812802  1862802  1912802  1962802
85  4  1812802  1862802  1912802  1962802
89  4  1812802  1862802  1912802  1962802
92  4  1812802  1862802  1912802  1962802
94  4  1812802  1862802  1912802  1962802
96  4  1812802  1862802  1912802  1962802
100  4  1812802  1862802  1912802  1962802
104  4  1812802  1862802  1912802  1962802
106  4  1812802  1862802  1912802  1962802
109  4  1812802  1862802  1912802  1962802
113  4  1812802  1862802  1912802  1962802
117  4  1812802  1862802  1912802  1962802
120  4  1812802  1862802  1912802  1962802
124  4  1812802  1862802  1912802  1962802
126  4  1812802  1862802  1912802  1962802
128  4  1812802  1862802  1912802  1962802
131  4  1812802  1862802  1912802  1962802
134  4  1812802  1862802  1912802  1962802
136  4  1812802  1862802  1912802  1962802
138  4  1812802  1862802  1912802  1962802
141  4  1812802  1862802  1912802  1962802
145  4  1812802  1862802  1912802  1962802
147  4  1812802  1862802  1912802  1962802
151  4  1812802  1862802  1912802  1962802
154  4  1812802  1862802  1912802  1962802
156  4  1812802  1862802  1912802  1962802