9  4  1911914 1931914 1951914 1971914
11  4  1911914 1931914 1951914 1971914
15  4  1911914 1931914 1951914 1971914
19  4  1911914 1931914 1951914 1971914
21  4  1911914 1931914 1951914 1971914
25  4  1911914 1931914 1951914 1971914
28  4  1911914 1931914 1951914 1971914
32  4  1911914 1931914 1951914 1971914
34  4  1911914 1931914 1951914 1971914
36  4  1911914 1931914 1951914 1971914
39  4  1911914 1931914 1951914 1971914
43  4  1911914 1931914 1951914 1971914
45  4  1911914 1931914 1951914 1971914
48  4  1911914 1931914 1951914 1971914
52  4  1911914 1931914 1951914 1971914
55  4  1911914 1931914 1951914 1971914
58  4  1911914 1931914 1951914 1971914
60  4  1911914 1931914 1951914 1971914
62  4  1911914 1931914 1951914 1971914
66  4  1911914 1931914 1951914 1971914
68  4  1911914 1931914 1951914 1971914
70  4  1911914 1931914 1951914 1971914
73  4  1911914 1931914 1951914 1971914
77  4  1911914 1931914 1951914 1971914
80  4  1911914 1931914 1951914 1971914
83  4  1911914 1931914 1951914 1971914
85  4  1911914 1931914 1951914 1971914
87  4  1911914 1931914 1951914 1971914
90  4  1911914 1931914 1951914 1971914
93  4  1911914 1931914 1951914 1971914
96  4  1911914 1931914 1951914 1971914
98  4  1911914 1931914 1951914 1971914
100  4  1911914 1931914 1951914 1971914
104  4  1911914 1931914 1951914 1971914
107  4  1911914 1931914 1951914 1971914
110  4  1911914 1931914 1951914 1971914
114  4  1911914 1931914 1951914 1971914
117  4  1911914 1931914 1951914 1971914
121  4  1911914 1931914 1951914 1971914
124  4  1911914 1931914 1951914 1971914
128  4  1911914 1931914 1951914 1971914
132  4  1911914 1931914 1951914 1971914
134  4  1911914 1931914 1951914 1971914
137  4  1911914 1931914 1951914 1971914
141  4  1911914 1931914 1951914 1971914
143  4  1911914 1931914 1951914 1971914
145  4  1911914 1931914 1951914 1971914
149  4  1911914 1931914 1951914 1971914
152  4  1911914 1931914 1951914 1971914
156  4  1911914 1931914 1951914 1971914