10  4  1911914 1931914 1951914 1971914
13  4  1911914 1931914 1951914 1971914
17  4  1911914 1931914 1951914 1971914
19  4  1911914 1931914 1951914 1971914
21  4  1911914 1931914 1951914 1971914
23  4  1911914 1931914 1951914 1971914
27  4  1911914 1931914 1951914 1971914
30  4  1911914 1931914 1951914 1971914
34  4  1911914 1931914 1951914 1971914
37  4  1911914 1931914 1951914 1971914
39  4  1911914 1931914 1951914 1971914
43  4  1911914 1931914 1951914 1971914
47  4  1911914 1931914 1951914 1971914
51  4  1911914 1931914 1951914 1971914
54  4  1911914 1931914 1951914 1971914
57  4  1911914 1931914 1951914 1971914
61  4  1911914 1931914 1951914 1971914
63  4  1911914 1931914 1951914 1971914
66  4  1911914 1931914 1951914 1971914
70  4  1911914 1931914 1951914 1971914
72  4  1911914 1931914 1951914 1971914
74  4  1911914 1931914 1951914 1971914
78  4  1911914 1931914 1951914 1971914
80  4  1911914 1931914 1951914 1971914
82  4  1911914 1931914 1951914 1971914
84  4  1911914 1931914 1951914 1971914
87  4  1911914 1931914 1951914 1971914
89  4  1911914 1931914 1951914 1971914
92  4  1911914 1931914 1951914 1971914
96  4  1911914 1931914 1951914 1971914
99  4  1911914 1931914 1951914 1971914
102  4  1911914 1931914 1951914 1971914
106  4  1911914 1931914 1951914 1971914
109  4  1911914 1931914 1951914 1971914
111  4  1911914 1931914 1951914 1971914
115  4  1911914 1931914 1951914 1971914
118  4  1911914 1931914 1951914 1971914
120  4  1911914 1931914 1951914 1971914
124  4  1911914 1931914 1951914 1971914
127  4  1911914 1931914 1951914 1971914
130  4  1911914 1931914 1951914 1971914
132  4  1911914 1931914 1951914 1971914
136  4  1911914 1931914 1951914 1971914
139  4  1911914 1931914 1951914 1971914
143  4  1911914 1931914 1951914 1971914
145  4  1911914 1931914 1951914 1971914
147  4  1911914 1931914 1951914 1971914
151  4  1911914 1931914 1951914 1971914
153  4  1911914 1931914 1951914 1971914
156  4  1911914 1931914 1951914 1971914