10  4  1911914 1931914 1951914 1971914
13  4  1911914 1931914 1951914 1971914
15  4  1911914 1931914 1951914 1971914
17  4  1911914 1931914 1951914 1971914
19  4  1911914 1931914 1951914 1971914
21  4  1911914 1931914 1951914 1971914
25  4  1911914 1931914 1951914 1971914
28  4  1911914 1931914 1951914 1971914
32  4  1911914 1931914 1951914 1971914
35  4  1911914 1931914 1951914 1971914
39  4  1911914 1931914 1951914 1971914
41  4  1911914 1931914 1951914 1971914
45  4  1911914 1931914 1951914 1971914
47  4  1911914 1931914 1951914 1971914
50  4  1911914 1931914 1951914 1971914
52  4  1911914 1931914 1951914 1971914
56  4  1911914 1931914 1951914 1971914
60  4  1911914 1931914 1951914 1971914
62  4  1911914 1931914 1951914 1971914
65  4  1911914 1931914 1951914 1971914
67  4  1911914 1931914 1951914 1971914
70  4  1911914 1931914 1951914 1971914
73  4  1911914 1931914 1951914 1971914
77  4  1911914 1931914 1951914 1971914
79  4  1911914 1931914 1951914 1971914
81  4  1911914 1931914 1951914 1971914
84  4  1911914 1931914 1951914 1971914
88  4  1911914 1931914 1951914 1971914
92  4  1911914 1931914 1951914 1971914
95  4  1911914 1931914 1951914 1971914
98  4  1911914 1931914 1951914 1971914
101  4  1911914 1931914 1951914 1971914
103  4  1911914 1931914 1951914 1971914
107  4  1911914 1931914 1951914 1971914
111  4  1911914 1931914 1951914 1971914
114  4  1911914 1931914 1951914 1971914
116  4  1911914 1931914 1951914 1971914
119  4  1911914 1931914 1951914 1971914
123  4  1911914 1931914 1951914 1971914
125  4  1911914 1931914 1951914 1971914
127  4  1911914 1931914 1951914 1971914
131  4  1911914 1931914 1951914 1971914
135  4  1911914 1931914 1951914 1971914
137  4  1911914 1931914 1951914 1971914
140  4  1911914 1931914 1951914 1971914
143  4  1911914 1931914 1951914 1971914
145  4  1911914 1931914 1951914 1971914
149  4  1911914 1931914 1951914 1971914
152  4  1911914 1931914 1951914 1971914
156  4  1911914 1931914 1951914 1971914