10  4  1911914 1931914 1951914 1971914
14  4  1911914 1931914 1951914 1971914
18  4  1911914 1931914 1951914 1971914
20  4  1911914 1931914 1951914 1971914
22  4  1911914 1931914 1951914 1971914
24  4  1911914 1931914 1951914 1971914
28  4  1911914 1931914 1951914 1971914
31  4  1911914 1931914 1951914 1971914
33  4  1911914 1931914 1951914 1971914
35  4  1911914 1931914 1951914 1971914
37  4  1911914 1931914 1951914 1971914
41  4  1911914 1931914 1951914 1971914
45  4  1911914 1931914 1951914 1971914
49  4  1911914 1931914 1951914 1971914
52  4  1911914 1931914 1951914 1971914
54  4  1911914 1931914 1951914 1971914
57  4  1911914 1931914 1951914 1971914
59  4  1911914 1931914 1951914 1971914
62  4  1911914 1931914 1951914 1971914
65  4  1911914 1931914 1951914 1971914
68  4  1911914 1931914 1951914 1971914
72  4  1911914 1931914 1951914 1971914
75  4  1911914 1931914 1951914 1971914
79  4  1911914 1931914 1951914 1971914
82  4  1911914 1931914 1951914 1971914
84  4  1911914 1931914 1951914 1971914
87  4  1911914 1931914 1951914 1971914
90  4  1911914 1931914 1951914 1971914
92  4  1911914 1931914 1951914 1971914
94  4  1911914 1931914 1951914 1971914
98  4  1911914 1931914 1951914 1971914
101  4  1911914 1931914 1951914 1971914
105  4  1911914 1931914 1951914 1971914
109  4  1911914 1931914 1951914 1971914
112  4  1911914 1931914 1951914 1971914
114  4  1911914 1931914 1951914 1971914
117  4  1911914 1931914 1951914 1971914
121  4  1911914 1931914 1951914 1971914
123  4  1911914 1931914 1951914 1971914
126  4  1911914 1931914 1951914 1971914
128  4  1911914 1931914 1951914 1971914
131  4  1911914 1931914 1951914 1971914
135  4  1911914 1931914 1951914 1971914
139  4  1911914 1931914 1951914 1971914
141  4  1911914 1931914 1951914 1971914
145  4  1911914 1931914 1951914 1971914
149  4  1911914 1931914 1951914 1971914
151  4  1911914 1931914 1951914 1971914
154  4  1911914 1931914 1951914 1971914
156  4  1911914 1931914 1951914 1971914