10  5  50000  230000  410000  590000  770000
15  5  50000  230000  410000  590000  770000
21  5  50000  230000  410000  590000  770000
26  5  50000  230000  410000  590000  770000
33  5  50000  230000  410000  590000  770000
40  5  50000  230000  410000  590000  770000
47  5  50000  230000  410000  590000  770000
54  5  50000  230000  410000  590000  770000
60  5  50000  230000  410000  590000  770000
66  5  50000  230000  410000  590000  770000
71  5  50000  230000  410000  590000  770000
76  5  50000  230000  410000  590000  770000
81  5  50000  230000  410000  590000  770000
86  5  50000  230000  410000  590000  770000
93  5  50000  230000  410000  590000  770000
99  5  50000  230000  410000  590000  770000
105  5  50000  230000  410000  590000  770000
112  5  50000  230000  410000  590000  770000
117  5  50000  230000  410000  590000  770000
124  5  50000  230000  410000  590000  770000
131  5  50000  230000  410000  590000  770000
136  5  50000  230000  410000  590000  770000
141  5  50000  230000  410000  590000  770000
146  5  50000  230000  410000  590000  770000
152  5  50000  230000  410000  590000  770000
158  5  50000  230000  410000  590000  770000
165  5  50000  230000  410000  590000  770000
172  5  50000  230000  410000  590000  770000
177  5  50000  230000  410000  590000  770000
182  5  50000  230000  410000  590000  770000
189  5  50000  230000  410000  590000  770000
195  5  50000  230000  410000  590000  770000
202  5  50000  230000  410000  590000  770000
209  5  50000  230000  410000  590000  770000
214  5  50000  230000  410000  590000  770000
219  5  50000  230000  410000  590000  770000
224  5  50000  230000  410000  590000  770000
229  5  50000  230000  410000  590000  770000
234  5  50000  230000  410000  590000  770000
240  5  50000  230000  410000  590000  770000
247  5  50000  230000  410000  590000  770000
253  5  50000  230000  410000  590000  770000
258  5  50000  230000  410000  590000  770000
264  5  50000  230000  410000  590000  770000
269  5  50000  230000  410000  590000  770000
275  5  50000  230000  410000  590000  770000
281  5  50000  230000  410000  590000  770000
288  5  50000  230000  410000  590000  770000