  4    1  2000  
  8    1  2000 
  12   1  3000
  16   1  3000 
  20   1  4000 
  24   1  4000 
  28   1  5000 
  32   1  5000 
  36   1  6000 
  40   1  6000 
  44   1  7000 
  48   1  7000 
  52   1  8000  
  56   1  8000  
  60   1  9000  
  64   1  9000  
  68   1  10000 
  72   1  10000  
  76   1  11000  
  80   1  11000  
  84   1  12000  
  88   1  12000  
  92   1  13000  
  96   1  13000  
  100  1  14000 
  104  1  14000  
  108  1  15000  
  112  1  15000  
  116  1  16000  
  120  1  16000  
  124  1  17000  
  128  1  17000  
  132  1  18000  
  136  1  18000  
  140  1  19000  
  144  1  19000  
  148  1  20000  
  152  1  20000  
  156  1  21000  
  160  1  21000  
  164  1  22000  
  168  1  22000  
  172  1  23000  
  176  1  23000  
  180  1  24000  
  184  1  24000  
  188  1  25000  
  192  1  25000  
  196  1  26000  
  200  1  26000  
  204  1  27000  
  208  1  27000  
  212  1  28000  
  216  1  28000  
  220  1  29000  
  224  1  29000  
  228  1  30000  
  232  1  30000  
  236  1  31000  
  240  1  31000  
  244  1  32000  
  248  1  32000  
  252  1  33000  
  256  1  33000  
  260  1  34000  
  264  1  34000  
  268  1  35000  
  272  1  35000  
  276  1  36000  
  280  1  36000  
  284  1  37000  
  288  1  37000  
  292  1  38000  
  296  1  38000  
  300  1  39000  
  304  1  39000  
  308  1  40000  
  312  1  40000  
  316  1  41000 
  320  1  41000  
  324  1  42000
  328  1  42000
  332  1  43000
  336  1  43000
  340  1  44000
  344  1  44000
  348  1  45000
  352  1  45000
  356  1  46000
  360  1  46000
  364  1  47000
  368  1  47000
  372  1  48000
  376  1  48000
  380  1  49000
  384  1  49000
  388  1  50000
  392  1  50000
  396  1  51000
  400  1  51000
  404  1  52000
  408  1  52000
  412  1  53000
  416  1  53000
  420  1  54000
  424  1  54000
  428  1  55000
  432  1  55000
  436  1  56000
  440  1  56000
  444  1  57000
  448  1  57000
  452  1  58000
  456  1  58000
  460  1  59000
  464  1  59000
  468  1  60000
  472  1  60000
  476  1  61000
  480  1  61000
  484  1  62000
  488  1  62000
  492  1  63000
  496  1  63000
  500  1  64000
  504  1  64000
  508  1  65000
  512  1  65000
  516  1  66000
  520  1  66000
  524  1  67000
  528  1  67000
  532  1  68000
  536  1  68000
  540  1  69000
  544  1  69000
  548  1  70000
  552  1  70000
  556  1  71000
  560  1  71000
  564  1  72000
  568  1  72000
  572  1  73000
  576  1  73000
  580  1  74000
  584  1  74000
  588  1  75000
  592  1  75000
  596  1  76000
  600  1  76000
  604  1  77000
  608  1  77000
  612  1  78000
  616  1  78000
  620  1  79000
  624  1  79000
  628  1  80000
  632  1  80000
  636  1  81000
  640  1  81000
  644  1  82000
  648  1  82000
  652  1  83000
  656  1  83000
  660  1  84000
  664  1  84000
  668  1  85000
  672  1  85000
  676  1  86000
  680  1  86000
  684  1  87000
  688  1  87000
  692  1  88000
  696  1  88000
  700  1  89000
  704  1  89000
  708  1  90000
  712  1  90000
  716  1  91000
  720  1  91000
  724  1  92000
  728  1  92000
  732  1  93000
  736  1  93000
  740  1  94000
  744  1  94000