2  1  41660
4  5  41660  152773  263885  374998  486110
7  10  41660  152773  263885  374998  486110  597223  708336  819448  930561  1041673
11  1  41660
14  5  41660  152773  263885  374998  486110
18  10  41660  152773  263885  374998  486110  597223  708336  819448  930561  1041673
20  1  41660
24  5  41660  152773  263885  374998  486110
26  10  41660  152773  263885  374998  486110  597223  708336  819448  930561  1041673
29  1  41660
31  5  41660  152773  263885  374998  486110
35  10  41660  152773  263885  374998  486110  597223  708336  819448  930561  1041673
38  1  41660
41  5  41660  152773  263885  374998  486110
43  10  41660  152773  263885  374998  486110  597223  708336  819448  930561  1041673
47  1  41660
51  5  41660  152773  263885  374998  486110
54  10  41660  152773  263885  374998  486110  597223  708336  819448  930561  1041673
56  1  41660
58  5  41660  152773  263885  374998  486110
61  10  41660  152773  263885  374998  486110  597223  708336  819448  930561  1041673
65  1  41660
68  5  41660  152773  263885  374998  486110
72  10  41660  152773  263885  374998  486110  597223  708336  819448  930561  1041673
74  1  41660
78  5  41660  152773  263885  374998  486110
80  10  41660  152773  263885  374998  486110  597223  708336  819448  930561  1041673
83  1  41660
85  5  41660  152773  263885  374998  486110
89  10  41660  152773  263885  374998  486110  597223  708336  819448  930561  1041673
92  1  41660
95  5  41660  152773  263885  374998  486110
97  10  41660  152773  263885  374998  486110  597223  708336  819448  930561  1041673
101  1  41660
105  5  41660  152773  263885  374998  486110
108  10  41660  152773  263885  374998  486110  597223  708336  819448  930561  1041673
110  1  41660
112  5  41660  152773  263885  374998  486110
115  10  41660  152773  263885  374998  486110  597223  708336  819448  930561  1041673
119  1  41660
122  5  41660  152773  263885  374998  486110
126  10  41660  152773  263885  374998  486110  597223  708336  819448  930561  1041673
128  1  41660
132  5  41660  152773  263885  374998  486110
134  10  41660  152773  263885  374998  486110  597223  708336  819448  930561  1041673
137  1  41660
139  5  41660  152773  263885  374998  486110
143  10  41660  152773  263885  374998  486110  597223  708336  819448  930561  1041673
146  1  41660
149  5  41660  152773  263885  374998  486110
151  10  41660  152773  263885  374998  486110  597223  708336  819448  930561  1041673
155  1  41660
159  5  41660  152773  263885  374998  486110
162  10  41660  152773  263885  374998  486110  597223  708336  819448  930561  1041673
164  1  41660
166  5  41660  152773  263885  374998  486110
169  10  41660  152773  263885  374998  486110  597223  708336  819448  930561  1041673
173  1  41660
176  5  41660  152773  263885  374998  486110
180  10  41660  152773  263885  374998  486110  597223  708336  819448  930561  1041673
182  1  41660
186  5  41660  152773  263885  374998  486110
188  10  41660  152773  263885  374998  486110  597223  708336  819448  930561  1041673
191  1  41660
193  5  41660  152773  263885  374998  486110
197  10  41660  152773  263885  374998  486110  597223  708336  819448  930561  1041673
200  1  41660
203  5  41660  152773  263885  374998  486110
205  10  41660  152773  263885  374998  486110  597223  708336  819448  930561  1041673
209  1  41660
213  5  41660  152773  263885  374998  486110
216  10  41660  152773  263885  374998  486110  597223  708336  819448  930561  1041673
218  1  41660
220  5  41660  152773  263885  374998  486110
223  10  41660  152773  263885  374998  486110  597223  708336  819448  930561  1041673
227  1  41660
230  5  41660  152773  263885  374998  486110
234  10  41660  152773  263885  374998  486110  597223  708336  819448  930561  1041673
236  1  41660
240  5  41660  152773  263885  374998  486110
242  10  41660  152773  263885  374998  486110  597223  708336  819448  930561  1041673
245  1  41660
247  5  41660  152773  263885  374998  486110
251  10  41660  152773  263885  374998  486110  597223  708336  819448  930561  1041673
254  1  41660
257  5  41660  152773  263885  374998  486110
259  10  41660  152773  263885  374998  486110  597223  708336  819448  930561  1041673
263  1  41660
267  5  41660  152773  263885  374998  486110
270  10  41660  152773  263885  374998  486110  597223  708336  819448  930561  1041673
