2  3  41660  97216  152773
4  3  41660  152773  263885
7  3  41660  208329  374998
11  3  41660  97216  152773
14  3  41660  152773  263885
18  3  41660  208329  374998
20  3  41660  97216  152773
24  3  41660  152773  263885
26  3  41660  208329  374998
29  3  41660  97216  152773
31  3  41660  152773  263885
35  3  41660  208329  374998
38  3  41660  97216  152773
41  3  41660  152773  263885
43  3  41660  208329  374998
47  3  41660  97216  152773
51  3  41660  152773  263885
54  3  41660  208329  374998
56  3  41660  97216  152773
58  3  41660  152773  263885
61  3  41660  208329  374998
65  3  41660  97216  152773
68  3  41660  152773  263885
72  3  41660  208329  374998
74  3  41660  97216  152773
78  3  41660  152773  263885
80  3  41660  208329  374998
83  3  41660  97216  152773
85  3  41660  152773  263885
89  3  41660  208329  374998
92  3  41660  97216  152773
95  3  41660  152773  263885
97  3  41660  208329  374998
101  3  41660  97216  152773
105  3  41660  152773  263885
108  3  41660  208329  374998
110  3  41660  97216  152773
112  3  41660  152773  263885
115  3  41660  208329  374998
119  3  41660  97216  152773
122  3  41660  152773  263885
126  3  41660  208329  374998
128  3  41660  97216  152773
132  3  41660  152773  263885
134  3  41660  208329  374998
137  3  41660  97216  152773
139  3  41660  152773  263885
143  3  41660  208329  374998
146  3  41660  97216  152773
149  3  41660  152773  263885
151  3  41660  208329  374998
155  3  41660  97216  152773
159  3  41660  152773  263885
162  3  41660  208329  374998
164  3  41660  97216  152773
166  3  41660  152773  263885
169  3  41660  208329  374998
173  3  41660  97216  152773
176  3  41660  152773  263885
180  3  41660  208329  374998
182  3  41660  97216  152773
186  3  41660  152773  263885
188  3  41660  208329  374998
191  3  41660  97216  152773
193  3  41660  152773  263885
197  3  41660  208329  374998
200  3  41660  97216  152773
203  3  41660  152773  263885
205  3  41660  208329  374998
209  3  41660  97216  152773
213  3  41660  152773  263885
216  3  41660  208329  374998
218  3  41660  97216  152773
220  3  41660  152773  263885
223  3  41660  208329  374998
227  3  41660  97216  152773
230  3  41660  152773  263885
234  3  41660  208329  374998
236  3  41660  97216  152773
240  3  41660  152773  263885
242  3  41660  208329  374998
245  3  41660  97216  152773
247  3  41660  152773  263885
251  3  41660  208329  374998
254  3  41660  97216  152773
257  3  41660  152773  263885
259  3  41660  208329  374998
263  3  41660  97216  152773
267  3  41660  152773  263885
270  3  41660  208329  374998
