  4    1  2000  
  8    1  2000 
  12   1  2000
  16   1  2000 
  20   1  2000 
  24   1  2000 
  28   1  2000 
  32   1  2000 
  36   1  2000 
  40   1  2000 
  44   1  2000 
  48   1  2000 
  52   1  2000  
  56   1  2000  
  60   1  2000  
  64   1  2000  
  68   1  2000 
  72   1  2000  
  76   1  2000  
  80   1  2000  
  84   1  2000  
  88   1  2000  
  92   1  2000  
  96   1  2000  
  100  1  2000 
  104  1  2000  
  108  1  2000  
  112  1  2000  
  116  1  2000  
  120  1  2000  
  124  1  2000  
  128  1  2000  
  132  1  2000  
  136  1  2000  
  140  1  2000  
  144  1  2000  
  148  1  2000  
  152  1  2000  
  156  1  2000  
  160  1  2000  
  164  1  2000  
  168  1  2000  
  172  1  2000  
  176  1  2000  
  180  1  2000  
  184  1  2000  
  188  1  2000  
  192  1  2000  
  196  1  2000  
  200  1  2000  
  204  1  2000  
  208  1  2000  
  212  1  2000  
  216  1  2000  
  220  1  2000  
  224  1  2000  
  228  1  2000  
  232  1  2000  
  236  1  2000  
  240  1  2000  
  244  1  2000  
  248  1  2000  
  252  1  2000  
  256  1  2000  
  260  1  2000  
  264  1  2000  
  268  1  2000  
  272  1  2000  
  276  1  2000  
  280  1  2000  
  284  1  2000  
  288  1  2000  
  292  1  2000  
  296  1  2000  
  300  1  2000  
  304  1  2000  
  308  1  2000  
  312  1  2000  
  316  1  2000 
  320  1  2000  
  324  1  2000
  328  1  2000
  332  1  2000
  336  1  2000
  340  1  2000
  344  1  2000
  348  1  2000
  352  1  2000
  356  1  2000
  360  1  2000
  364  1  2000
  368  1  2000
  372  1  2000
  376  1  2000
  380  1  2000
  384  1  2000
  388  1  2000
  392  1  2000
  396  1  2000
  400  1  2000
  404  1  2000
  408  1  2000
  412  1  2000
  416  1  2000
  420  1  2000
  424  1  2000
  428  1  2000
  432  1  2000
  436  1  2000
  440  1  2000
  444  1  2000
  448  1  2000
  452  1  2000
  456  1  2000
  460  1  2000
  464  1  2000
  468  1  2000
  472  1  2000
  476  1  2000
  480  1  2000
  484  1  2000
  488  1  2000
  492  1  2000
  496  1  2000
  500  1  2000
  504  1  2000
  508  1  2000
  512  1  2000
  516  1  2000
  520  1  2000
  524  1  2000
  528  1  2000
  532  1  2000
  536  1  2000
  540  1  2000
  544  1  2000
  548  1  2000
  552  1  2000
  556  1  2000
  560  1  2000
  564  1  2000
  568  1  2000
  572  1  2000
  576  1  2000
  580  1  2000
  584  1  2000
  588  1  2000
  592  1  2000
  596  1  2000
  600  1  2000
  604  1  2000
  608  1  2000
  612  1  2000
  616  1  2000
  620  1  2000
  624  1  2000
  628  1  2000
  632  1  2000
  636  1  2000
  640  1  2000
  644  1  2000
  648  1  2000
  652  1  2000
  656  1  2000
  660  1  2000
  664  1  2000
  668  1  2000
  672  1  2000
  676  1  2000
  680  1  2000
  684  1  2000
  688  1  2000
  692  1  2000
  696  1  2000
  700  1  2000
  704  1  2000
  708  1  2000
  712  1  2000
  716  1  2000
  720  1  2000
  724  1  2000
  728  1  2000
  732  1  2000
  736  1  2000
  740  1  2000
  744  1  2000