  4    1  50000  
  8    1  50000 
  12   1  50000
  16   1  50000 
  20   1  50000 
  24   1  50000 
  28   1  50000 
  32   1  50000 
  36   1  50000 
  40   1  50000 
  44   1  50000 
  48   1  50000 
  52   1  50000  
  56   1  50000  
  60   1  50000  
  64   1  50000  
  68   1  50000 
  72   1  50000  
  76   1  50000  
  80   1  50000  
  84   1  50000  
  88   1  50000  
  92   1  50000  
  96   1  50000  
  100  1  50000 
  104  1  50000  
  108  1  50000  
  112  1  50000  
  116  1  50000  
  120  1  50000  
  124  1  50000  
  128  1  50000  
  132  1  50000  
  136  1  50000  
  140  1  50000  
  144  1  50000  
  148  1  50000  
  152  1  50000  
  156  1  50000  
  160  1  50000  
  164  1  50000  
  168  1  50000  
  172  1  50000  
  176  1  50000  
  180  1  50000  
  184  1  50000  
  188  1  50000  
  192  1  50000  
  196  1  50000  
  200  1  50000  
  204  1  50000  
  208  1  50000  
  212  1  50000  
  216  1  50000  
  220  1  50000  
  224  1  50000  
  228  1  50000  
  232  1  50000  
  236  1  50000  
  240  1  50000  
  244  1  50000  
  248  1  50000  
  252  1  50000  
  256  1  50000  
  260  1  50000  
  264  1  50000  
  268  1  50000  
  272  1  50000  
  276  1  50000  
  280  1  50000  
  284  1  50000  
  288  1  50000  
  292  1  50000  
  296  1  50000  
  300  1  50000  
  304  1  50000  
  308  1  50000  
  312  1  50000  
  316  1  50000 
  320  1  50000  
  324  1  50000
  328  1  50000
  332  1  50000
  336  1  50000
  340  1  50000
  344  1  50000
  348  1  50000
  352  1  50000
  356  1  50000
  360  1  50000
  364  1  50000
  368  1  50000
  372  1  50000
  376  1  50000
  380  1  50000
  384  1  50000
  388  1  50000
  392  1  50000
  396  1  50000
  400  1  50000
  404  1  50000
  408  1  50000
  412  1  50000
  416  1  50000
  420  1  50000
  424  1  50000
  428  1  50000
  432  1  50000
  436  1  50000
  440  1  50000
  444  1  50000
  448  1  50000
  452  1  50000
  456  1  50000
  460  1  50000
  464  1  50000
  468  1  50000
  472  1  50000
  476  1  50000
  480  1  50000
  484  1  50000
  488  1  50000
  492  1  50000
  496  1  50000
  500  1  50000
  504  1  50000
  508  1  50000
  512  1  50000
  516  1  50000
  520  1  50000
  524  1  50000
  528  1  50000
  532  1  50000
  536  1  50000
  540  1  50000
  544  1  50000
  548  1  50000
  552  1  50000
  556  1  50000
  560  1  50000
  564  1  50000
  568  1  50000
  572  1  50000
  576  1  50000
  580  1  50000
  584  1  50000
  588  1  50000
  592  1  50000
  596  1  50000
  600  1  50000
  604  1  50000
  608  1  50000
  612  1  50000
  616  1  50000
  620  1  50000
  624  1  50000
  628  1  50000
  632  1  50000
  636  1  50000
  640  1  50000
  644  1  50000
  648  1  50000
  652  1  50000
  656  1  50000
  660  1  50000
  664  1  50000
  668  1  50000
  672  1  50000
  676  1  50000
  680  1  50000
  684  1  50000
  688  1  50000
  692  1  50000
  696  1  50000
  700  1  50000
  704  1  50000
  708  1  50000
  712  1  50000
  716  1  50000
  720  1  50000
  724  1  50000
  728  1  50000
  732  1  50000
  736  1  50000
  740  1  50000
  744  1  50000