2  1  43300
4  5  43300  154413  265525  376638  487750
7  1  43300
11  5  43300  154413  265525  376638  487750
14  1  43300
18  5  43300  154413  265525  376638  487750
20  1  43300
24  5  43300  154413  265525  376638  487750
26  1  43300
29  5  43300  154413  265525  376638  487750
31  1  43300
35  5  43300  154413  265525  376638  487750
38  1  43300
41  5  43300  154413  265525  376638  487750
43  1  43300
47  5  43300  154413  265525  376638  487750
51  1  43300
54  5  43300  154413  265525  376638  487750
56  1  43300
58  5  43300  154413  265525  376638  487750
61  1  43300
65  5  43300  154413  265525  376638  487750
68  1  43300
72  5  43300  154413  265525  376638  487750
74  1  43300
78  5  43300  154413  265525  376638  487750
80  1  43300
83  5  43300  154413  265525  376638  487750
85  1  43300
89  5  43300  154413  265525  376638  487750
92  1  43300
95  5  43300  154413  265525  376638  487750
97  1  43300
101  5  43300  154413  265525  376638  487750
105  1  43300
108  5  43300  154413  265525  376638  487750
110  1  43300
112  5  43300  154413  265525  376638  487750
115  1  43300
119  5  43300  154413  265525  376638  487750
122  1  43300
126  5  43300  154413  265525  376638  487750
128  1  43300
132  5  43300  154413  265525  376638  487750
134  1  43300
137  5  43300  154413  265525  376638  487750
139  1  43300
143  5  43300  154413  265525  376638  487750
146  1  43300
149  5  43300  154413  265525  376638  487750
151  1  43300
155  5  43300  154413  265525  376638  487750
159  1  43300
162  5  43300  154413  265525  376638  487750
164  1  43300
166  5  43300  154413  265525  376638  487750
169  1  43300
173  5  43300  154413  265525  376638  487750
176  1  43300
180  5  43300  154413  265525  376638  487750
182  1  43300
186  5  43300  154413  265525  376638  487750
188  1  43300
191  5  43300  154413  265525  376638  487750
193  1  43300
197  5  43300  154413  265525  376638  487750
200  1  43300
203  5  43300  154413  265525  376638  487750
205  1  43300
209  5  43300  154413  265525  376638  487750
213  1  43300
216  5  43300  154413  265525  376638  487750
218  1  43300
220  5  43300  154413  265525  376638  487750
223  1  43300
227  5  43300  154413  265525  376638  487750
230  1  43300
234  5  43300  154413  265525  376638  487750
236  1  43300
240  5  43300  154413  265525  376638  487750
242  1  43300
245  5  43300  154413  265525  376638  487750
247  1  43300
251  5  43300  154413  265525  376638  487750
254  1  43300
257  5  43300  154413  265525  376638  487750
259  1  43300
263  5  43300  154413  265525  376638  487750
267  1  43300
270  5  43300  154413  265525  376638  487750