  4    2  20000  40000
  8    2  20000  40000
  12   2  20000  40000
  16   2  20000  40000
  20   2  20000  40000
  24   2  20000  40000
  28   2  20000  40000
  32   2  20000  40000
  36   2  20000  40000
  40   2  20000  40000
  44   3  20000  40000  60000
  48   3  20000  40000  60000
  52   3  20000  40000  60000
  56   3  20000  40000  60000
  60   3  20000  40000  60000
  64   3  20000  40000  60000
  68   3  20000  40000  60000
  72   3  20000  40000  60000
  76   3  20000  40000  60000
  80   3  20000  40000  60000
  84   2  20000  40000
  88   2  20000  40000
  92   2  20000  40000
  96   2  20000  40000
  100  2  20000  40000
  104  2  20000  40000
  108  2  20000  40000
  112  2  20000  40000
  116  2  20000  40000
  120  2  20000  40000
  124  3  20000  40000  60000
  128  3  20000  40000  60000
  132  3  20000  40000  60000
  136  3  20000  40000  60000
  140  3  20000  40000  60000
  144  3  20000  40000  60000
  148  3  20000  40000  60000
  152  3  20000  40000  60000
  156  3  20000  40000  60000
  160  3  20000  40000  60000
  164  2  20000  40000
  168  2  20000  40000
  172  2  20000  40000
  176  2  20000  40000
  180  2  20000  40000
  184  2  20000  40000
  188  2  20000  40000
  192  2  20000  40000
  196  2  20000  40000
  200  2  20000  40000
  204  3  20000  40000  60000
  208  3  20000  40000  60000
  212  3  20000  40000  60000
  216  3  20000  40000  60000
  220  3  20000  40000  60000
  224  3  20000  40000  60000
  228  3  20000  40000  60000
  232  3  20000  40000  60000
  236  3  20000  40000  60000
  240  3  20000  40000  60000
  244  2  20000  40000
  248  2  20000  40000
  252  2  20000  40000
  256  2  20000  40000
  260  2  20000  40000
  264  2  20000  40000
  268  2  20000  40000
  272  2  20000  40000
  276  2  20000  40000
  280  2  20000  40000
  284  3  20000  40000  60000
  288  3  20000  40000  60000
  292  3  20000  40000  60000
  296  3  20000  40000  60000
  300  3  20000  40000  60000
  304  3  20000  40000  60000
  308  3  20000  40000  60000
  312  3  20000  40000  60000
  316  3  20000  40000  60000
  320  3  20000  40000  60000