9  4  35000  85000  135000  185000
12  4  35000  85000  135000  185000
16  4  35000  85000  135000  185000
18  4  35000  85000  135000  185000
21  4  35000  85000  135000  185000
25  4  35000  85000  135000  185000
27  4  35000  85000  135000  185000
30  4  35000  85000  135000  185000
34  4  35000  85000  135000  185000
36  4  35000  85000  135000  185000
39  4  35000  85000  135000  185000
43  4  35000  85000  135000  185000
45  4  35000  85000  135000  185000
48  4  35000  85000  135000  185000
52  4  35000  85000  135000  185000
54  4  35000  85000  135000  185000
57  4  35000  85000  135000  185000
61  4  35000  85000  135000  185000
63  4  35000  85000  135000  185000
66  4  35000  85000  135000  185000
70  4  35000  85000  135000  185000
72  4  35000  85000  135000  185000
75  4  35000  85000  135000  185000
79  4  35000  85000  135000  185000
81  4  35000  85000  135000  185000
84  4  35000  85000  135000  185000
88  4  35000  85000  135000  185000
90  4  35000  85000  135000  185000
93  4  35000  85000  135000  185000
97  4  35000  85000  135000  185000
99  4  35000  85000  135000  185000
102  4  35000  85000  135000  185000
106  4  35000  85000  135000  185000
108  4  35000  85000  135000  185000
111  4  35000  85000  135000  185000
115  4  35000  85000  135000  185000
117  4  35000  85000  135000  185000
120  4  35000  85000  135000  185000
124  4  35000  85000  135000  185000
126  4  35000  85000  135000  185000
129  4  35000  85000  135000  185000
133  4  35000  85000  135000  185000
135  4  35000  85000  135000  185000
138  4  35000  85000  135000  185000
142  4  35000  85000  135000  185000
144  4  35000  85000  135000  185000
147  4  35000  85000  135000  185000
151  4  35000  85000  135000  185000
153  4  35000  85000  135000  185000
156  4  35000  85000  135000  185000
