9  4  23000  43000  63000  83000
12  4  23000  43000  63000  83000
16  4  23000  43000  63000  83000
18  4  23000  43000  63000  83000
21  4  23000  43000  63000  83000
25  4  23000  43000  63000  83000
27  4  23000  43000  63000  83000
30  4  23000  43000  63000  83000
34  4  23000  43000  63000  83000
36  4  23000  43000  63000  83000
39  4  23000  43000  63000  83000
43  4  23000  43000  63000  83000
45  4  23000  43000  63000  83000
48  4  23000  43000  63000  83000
52  4  23000  43000  63000  83000
54  4  23000  43000  63000  83000
57  4  23000  43000  63000  83000
61  4  23000  43000  63000  83000
63  4  23000  43000  63000  83000
66  4  23000  43000  63000  83000
70  4  23000  43000  63000  83000
72  4  23000  43000  63000  83000
75  4  23000  43000  63000  83000
79  4  23000  43000  63000  83000
81  4  23000  43000  63000  83000
84  4  23000  43000  63000  83000
88  4  23000  43000  63000  83000
90  4  23000  43000  63000  83000
93  4  23000  43000  63000  83000
97  4  23000  43000  63000  83000
99  4  23000  43000  63000  83000
102  4  23000  43000  63000  83000
106  4  23000  43000  63000  83000
108  4  23000  43000  63000  83000
111  4  23000  43000  63000  83000
115  4  23000  43000  63000  83000
117  4  23000  43000  63000  83000
120  4  23000  43000  63000  83000
124  4  23000  43000  63000  83000
126  4  23000  43000  63000  83000
129  4  23000  43000  63000  83000
133  4  23000  43000  63000  83000
135  4  23000  43000  63000  83000
138  4  23000  43000  63000  83000
142  4  23000  43000  63000  83000
144  4  23000  43000  63000  83000
147  4  23000  43000  63000  83000
151  4  23000  43000  63000  83000
153  4  23000  43000  63000  83000
156  4  23000  43000  63000  83000
